00100111101111011111111111111000
10101111101111110000000000000100
10101111101100000000000000000000
00111100000000010001000000000001
00110100001001000000000000000000
00100100000001010000000000010011
00100100000001100000000000001110
00001100000100000000000000011001
00000000000000101000000000100001
00111100000000010001000000000001
00110100001001000000000000110000
00100100000000100000000000000100
00000000000000000000000000001100
00000000000100000010000000100001
00100100000000100000000000000001
00000000000000000000000000001100
00111100000000010001000000000001
00110100001001000000000001001000
00100100000000100000000000000100
00000000000000000000000000001100
10001111101111110000000000000100
10001111101100000000000000000000
00100111101111010000000000001000
00100100000000100000000000001010
00000000000000000000000000001100
00100111101111011111111111100100
10101111101111110000000000011000
10101111101100000000000000010100
10101111101100010000000000010000
10101111101100100000000000001100
10101111101100110000000000001000
10101111101101000000000000000100
10101111101101010000000000000000
00000000000001001000000000100001
00000000000001011000100000100001
00000000000001101001000000100001
00100110001100011111111111111111
00111100000000010001000000000001
00110100001100110000000000010000
00100100000010000000000000000001
10101110011010000000000000000000
10101110011000000000000000000100
10101110011000000000000000001000
10101110011010000000000000001100
00111100000000010001000000000001
00110100001101000000000000100000
00011010001000000000000000010100
00110010001010000000000000000001
00010001000000000000000000001000
00000000000100110010000000100001
00000000000100000010100000100001
00000000000101000011000000100001
00000000000100100011100000100001
00001100000100000000000001001101
00000000000100110010000000100001
00000000000101000010100000100001
00001100000100000000000010001000
00000000000100000010000000100001
00000000000100000010100000100001
00000000000101000011000000100001
00000000000100100011100000100001
00001100000100000000000001001101
00000000000100000010000000100001
00000000000101000010100000100001
00001100000100000000000010001000
00000000000100011000100001000010
00001000000100000000000000101110
10001110011000100000000000000000
10001111101111110000000000011000
10001111101100000000000000010100
10001111101100010000000000010000
10001111101100100000000000001100
10001111101100110000000000001000
10001111101101000000000000000100
10001111101101010000000000000000
00100111101111010000000000011100
00000011111000000000000000001000
00100111101111011111111111101000
10101111101111110000000000010100
10101111101100000000000000010000
10101111101100010000000000001100
10101111101100100000000000001000
10101111101100110000000000000100
10101111101101000000000000000000
00000000000001001000000000100001
00000000000001011000100000100001
00000000000001101001000000100001
00000000000001111001100000100001
10001110000010000000000000000000
10001110001010010000000000000000
01110001000010010100000000000010
10001110000010100000000000000100
10001110001010110000000000001000
01110001010010110101000000000010
00000001000010100100000000100000
00000001000100110000000000011010
00000000000000000100000000010000
10101110010010000000000000000000
10001110000010000000000000000000
10001110001010010000000000000100
01110001000010010100000000000010
10001110000010100000000000000100
10001110001010110000000000001100
01110001010010110101000000000010
00000001000010100100000000100000
00000001000100110000000000011010
00000000000000000100000000010000
10101110010010000000000000000100
10001110000010000000000000001000
10001110001010010000000000000000
01110001000010010100000000000010
10001110000010100000000000001100
10001110001010110000000000001000
01110001010010110101000000000010
00000001000010100100000000100000
00000001000100110000000000011010
00000000000000000100000000010000
10101110010010000000000000001000
10001110000010000000000000001000
10001110001010010000000000000100
01110001000010010100000000000010
10001110000010100000000000001100
10001110001010110000000000001100
01110001010010110101000000000010
00000001000010100100000000100000
00000001000100110000000000011010
00000000000000000100000000010000
10101110010010000000000000001100
10001111101111110000000000010100
10001111101100000000000000010000
10001111101100010000000000001100
10001111101100100000000000001000
10001111101100110000000000000100
10001111101101000000000000000000
00100111101111010000000000011000
00000011111000000000000000001000
10001100101010000000000000000000
10101100100010000000000000000000
10001100101010000000000000000100
10101100100010000000000000000100
10001100101010000000000000001000
10101100100010000000000000001000
10001100101010000000000000001100
10101100100010000000000000001100
00000011111000000000000000001000
